118539841
11850553X
121599027
118739964
118575287
119401061
118802631
119010097
11871290X
118584596
118544489
118553356
118547356
118641131
119307499
118792555
118546651
118755714
118808370
119078813
119091097
118951122
118742973
123878829
118605976
118505548
118583700
119337800
118836161
134479289
118659170
11901176X
118779524
119018551
124624200
118541706
123281954
120327112
103805486
117197068
123494591
118951319
118963147
134816854
118668404
119006669
118749811
128910615
118804154
118627287
104198273
119147033
118600966
118732374
132033402
118627546
102465789
132619261
10250539X
123448603
116829826
122703979
11910945X
1024187489
134948068
119469022
136259928
117398586
128636319
100470106
118718517
118901753
118951688
119322390
118531522
119317168
118586777
118655329
119322366
11938700X
118639528
11862119X
119161923
123609844
119255960
118717294
118896229
118665685
118537024
119503816
118750909
100001718
118501704
118773267
100417248
119456613
119324768
118772147
118798561
119253933
118709712
119175606
119085003
118679856
134208102
118956124
129605360
121260631
119466910
118616366
118599100
117643637
1145940846
119149419
124614450
118738208
117458600
100611354
11867286X
103777377
123218926
118780220
118722700
118520377
118541692
119118602
130054518
118917382
118852124
119317133
123600936
118827472
118653393
128911085
100833136
118762494
118856138
116861150
135962242
118855034
116354720
118542079
1021445150
120013665
118629662
118646192
14117028X
118676423
119327937
118793985
104318759
129462543
101364261
119314061
104106271
133343871
104093579
118687212
120770008
101071388
118505521
118711091
119186322
118598090
118939440
118980025
123766893
134330021
118804952
135359198
12963414X
118938533
11945873X
118646583
119223295
122635388
120729237
118747975
119326728
119484749
118908618
128861673
103965963
118573527
118642405
11861990X
1011894955
119060922
122203364
118846922
118794302
104206780
1067476210
100982875
101364415
122621646
118749595
11635190X
119216132
102845697
119443880
102411298
11860094X
118924885
119000008
118620878
119411903
118692429
118869442
139124608
119362112
119060507
123683637
128441178
118770616
118670247
101364237
118554751
119514729
11627509X
118864106
118735500
119512238
102410844
123092701
119401126
135906229
100993052
128907053
11857471X
118144847
116533676
103814558
118666584
118657658
132711044
118773852
118611666
115845917
119055716
11931715X
100640362
1035157233
118572148
122623142
121573591
122584503
12239657X
118752618
116001062
118668099
129809942
119181045
118993852
102374392
118985973
103790152
116431415
104224150
135388929
140391339
11866672X
102411204
118668218
13451789X
103840141
119135094
117596302
118735128
123716055
118580779
118764551
11871600X
118802550
118505505
11665788X
119042983
116331674
119029669
118508288
116134380
1047876388
13153131X
118688308
116630671
116473088
128706392
116539062
116035862
118566741
123431891
116756918
103803874
118573934
121554139
1147132224
128861649
100625320
100763871
1165338726
129014893
12340312X
119127709
129583359
124209068
11742692X
140136037
132947382
122781376
121463516
131502999
128347805
117333255
118122274
122971841
103830782
119531569
117285323
118633465
122849108
121261158
118777238
118754319
132293412
118689363
117102067
118764187
118702688
123906970
131611925
116088516
103794719
102410631
119091186
11856627X
12086245X
118745301
118867326
120236060
103841830
100439675
118535749
116799838
102499527
11872262X
124524540
102834946
118567837
10410077X
1056157119
118749560
123259479
118584588
134509897
116836415
1024128717
118850415
118706047
100672302
135202698
124578772
135971594
120436809
11883634X
142209406
103782818
12412609X
144043211
118660217
121045706
103882642
123761964
124625045
121409171
117227498
134471792
134000358
1126654361
119469707
123455707
134507509
1018298002
124906869
119448009
12952994X
119469049
116343176
103853987
124479936
134972325
139659498
118509845
134329910
1029152683
141033886
120456052
118754394
134095200
133842975
122155742
1037789385
118536249
124339069
130582360
119542269
129653128
10379896X
116034793
116006730
135517907
108962347X
123408237
132134055
116028203
118694375
116466472
121872513
122614461
130816558
137154666
118783432
129742880
134998839
118688855
116788674
123730872
116911123
1025921240
118618458
12854743X
104137444
130344885
118569945
11861116X
132117991
121409163
124198198
134654064
134402456
133676765
132800497
118731386
116945818
124074960
12418295X
121222179
124373143
130254029
102505330
135436400
103847650
118571869
122844882
119322382
116578998
137658303
134552849
136960685
124471765
11874383X
12236046X
137186428
117071293
1029152543
102575711
119024586
118644300
119380765
132173972
118651471
137252552
13197162X
116064250
11741462X
103911553
116276185
117395684
116325925
102199175
116103086
11723589X
117423025
117477125
118729225
118715941
119523876
116207523
118835351
117414530
128931930
116568348
116097701
118587234
118660764
116799145
11878210X
118594117
118610961
119503700
118934503
11731711X
130205591
126433313
117099546
118917943
11708915X
116919280
117582751
123931002
116855908
116291710
118574469
117240974
118822756
116032529
118597779
119430606
116607157
118725815
135013356
118785028
116581530
117426784
116829338
116113995
118660284
116740574
120431238
118755722
116448059
117002097
11630586X
117491314
119211653
116180226
116473843
117573507
116526076
116332662
11940818X
118674501
118907735
117368393
119013584
129814172
119057077
118697641
118580736
118926802
118552465
118709143
117418382
116534591
103911529
117002178
11709546X
118624539
118619098
116149493
116102403
119133911
119428512
118903861
10399632X
116635983
116609478
103945172
104141786
118614339
120138980
11636890X
116766301
117120251
117485969
116056908
131910337
116105054
11885996X
116500395
118702955
118537725
10389389X
118962256
118704931
118559559
10391076X
116241217
116331623
1038485886
117542601
119149575
117564702
116995254
117039047
121948277
11917099X
119388472
116624043
116799293
116902299
124344968
119443295
1024780767
11876912X
117495255
117296325
118677667
119500132
119010003
116909161
120220644
118520539
116566477
116777745
117169781
13489717X
116704233
11861908X
135461820
117493236
11729781X
117377929
118514253
127286055
118012215
100483542
102499020
129246638
116230924
130019488
116888652
116662166
119455668
120890143
129192589
104318724
1024726134
116362375
129894311
11686060X
116709170
118718312
118664638
116987243
116210974
116285036
119176653
11861164X
116423749
118704133
118683578
102424799
118809555
116924950
11602321X
118598988
116714654
117052248
118626523
116549165
104364467
120297450
117039977
116953829
118561936
118823868
134375866
115666494
118599305
118510622
104245468
119322404
119267632
119404532
118591177
116892455
119160048
119368722
118725343
119388057
116915889
11861911X
10424478X
116759267
135280354
118579177
118814044
118501437
13677587X
119263475
104066512
131817167
118675109
119149397
117466840
101365632
124412521
124423485
120769913
132649241
128703989
129200395
119528193
129655988
108833850X
103945938
134586638
134329279
131400614
11946912X
122356306
138334277
133821439
118868306
119333465
142514241
117171514
101371934
118515799
119231492
102338469
103781617
103812180
118675648
116332603
116986514
11601430X
116510927
118975773
103920552
11885478X
130208841
117575488
133193934
103857567
116736186
120961717
135013739
11854277X
118643231
119392984
118542001
11648666X
118848895
117746223
116114657
116612290
116880430
121501248
11636906X
117288195
134649192
117068098
116440236
118569597
117026360
124876358
133309207
135341787
123426391
11907396X
116560193
116776943
119444623
116509821
116428473
118744828
116675357
122620682
119316692
11942911X
102499667
117256315
118707795
128553170
102427917
116783575
116222743
116612037
11948756X
122638131
128997281
103919104
117492736
118518011
103899375
118786180
103819843
117058297
116940085
119013754
118696025
117104221
118600877
117315699
119300435
118777149
118587684
118522213
102199191
116032553
116570881
117247618
117395404
10041415X
117248207
134899725
116305541
117059013
116136049
117081523
11715850X
11708090X
116223987
116117710
118538365
103092064
104100826
129475998
129480215
1146688709
128738332
118931482
119351641
134744462
118754408
104066989
103877525
140911553
119309025
119116510
104099445
116111097
12935757X
121397661
12110592X
12005485X
130636053
130636568
134772628
119330563
120729180
116748834
123979730
129479845
13472870X
124268498
118878247
116321164
1044675942
11641359X
118685279
136242693
104337400
118695959
118504185
140257187
124757898
103131876
116471751
116759194
102571988
121950921
116151579
117119504
117272914
103955836
116089946
117580139
103778802
116209976
135609437
134890949
116518685
116164336
119060590
12609439X
116828358
140171495
174085206
116871067
130129860
118636812
133554953
116322160
117302791
116593539
131854860
117102946
116327545
11863027X
103805850
116133872
116513772
11773649X
134912489
1034702440
116160063
117276065
116368640
1053299753
116899530
116530049
116178477
116074043
139652396
142882763
116801743
117106836
116730072
116182776
131757784
11852836X
117016500
116161167
134492870
118847503
118636847
117318809
103877473X
104309938
118509675
11875081X
118511440
117331090
117004561
11695650X
116737611
117010235
116752734
116608552
116911514
119025809
118596942
118684639
1033828033
140082646
128889500
132437635
118770780
118634712
11630880X
116118474
116655224
116379987
104260823
119138131
117289604
118836927
118698508
116716460
132250934
116609931
116788887
135030978
103951164
117385123
117250538
118806548
134480368
11613481X
116391901
116112425
126384371
117062251
116951346
118707469
11889112X
119258021
116078073
118991035
116218290
12164992X
118825682
117227595
117071080
116902930
11774333X
117530832
117273988
117407895
117338311
117416460
130175773
118941054
117375268
117013544
128885742
117604461
119527995
116382740
116644729
118601067
117312118
118691929
103947434
116640243
117126217
116181273
117471739
118680552
11669386X
130857211
116419091
135735378
139101284
118986740
117388483
135155827
127500995
116449446
1075002036
116116838
103952675
117373907
17297397X
103932887
141845457
1030496587
119194686
134430611
117291862
120192616
11637280X
118830511
134553608
116899344
13757973X
118699741
134532848
135225450
13465515X
134526937
119092786
127916148
11950149X
118542397
1042575088
100201946
131622072
119286661
1037013808
124305776
137695055
130628743
134693795
124699669
102424853
10379719X
117485470
119508036
118732447
116363193
11627865X
138493693
116131810
134864239
118526731
11867126X
118530208
103786554
123163226
119334607
100111599
1033928291
130580414
132524597
103949828
1069631647
117053376
116424346
104197382
129656437
118676687
134929055
116711728
100986781
134705998
130589535
11664530X
135455480
118018302
116486988
11949096X
103869832
119312212
131747568
118784552
126389594
121347915
131358685
11683420X
116397500
117099821
102411034
117735345
116444436
116676264
116773863
117043451
143366734
116403942
116975083
116577444
118562258
116426950
119558823
134902084
11624058X
117658316
116119985
117739200
118841963
121520684
116260874
135209846
116311274
1041963602
103992693
137623925
134623703
119127601
135144930
116955651
116695110
123146518
120138999
116305649
117737798
116341971
116471123
10380983X
123094178
119438100
122851153
119358352
119038293
130841218
103952667
116040505
103811397
116894660
120367246
116707720
122802381
134342992
134961943
137425023
132234165
12093745X
131534971
131999664
1044931051
124171702
103950001
122636546
119321203
102499101
119020610
119255944
103812202
121978796
118534645
118509322
118638157
136436080
137861001
116880392
132645475
133359794
1012389847
134880420
115532080
137214863
117065234
117133442
133794318
124962955
116036087
13321575X
118821628
132800772
116831359
116123761
118852868
119466805
103908188
117467855
116569468
103864695
132508419
11721034X
119202417
117076228
116954655
103908234
103893113
102499322
116871229
134867289
134334310
116161582
13010423X
103885390
103886761
135383315
130330728
104311657
1041537697
119346540
116580305
135098157
118823035
1089772505
116308583
17407638X
130634794
134849655
117172626
135145554
129690481
103895043
135393035
103884041
115688684
101218255X
116411996
143964178
1169871968
117290319
142070971
130169439
117364339
14053721X
116181435
118718843
10390316X
117339008
103880356
134629795
116513365
129251399
134845412
118540580
10389716X
132061384
101942680
122328884
134452747
116975261
134869737
132520354
118818686
134894510
103939393
116805013
103943145
131802240
135154537
131212877
117101044
139639675
116209429
118744151
132770903
100494072
14079011X
128651989
120491842
116551313
1051181089
117240443
11682428X
117740403
1018016333
116953853
140858571
119221187
117186309
103947612
11738626X
118829998
116019344
116408154
11955058X
116052104
118711873
128587695
137683723
118612514
121067939
103934332
119524805
103896821
134869184
118537563
134589750
132101394
116567155
116273119
116705221
102427798
134848934
1012183637
116121661
116766379
134495535
117391301
103895345
103874011
11686589X
118691147
13298718X
131609149
1074378415
121618544
10396388X
122483049
103888179
103945768
100470637
116309792
119174561
118887254
122325109
124853005
116540710
128580518
10390817X
1147223610
128676175
103844325
143294814
117303399
10392065X
137683375
117403334
133362949
117751898
103950346
1047534754
119549220
131925601
134815378
103864628
102374910
118706888
1089808704
118609920
11866526X
119353733
123098777
128665785
116515937
102074085X
1017123802
118917188
118531816
1089644965
118546643
131925261
103914625
116871202
123865042
116002654
116845406
117196061
117329657
139078347
117268577
11676211X
116610662
116778806
118619578
116452072
11666049X
117141372
118549448
117191809
103870202
129762571
116418893
122834216
116429682
116589930
128571039
116110155
11745592X
117339458
117107905
17404996X
1043941231
103888195
1015313590
117427292
133552764
116368233
103949453
116432128
117106828
117018899
123953332
135221358
134870077
123909139
126245533
117342432
116983221
130448664
134570391
130015008
117410144
1034113461
143392808
13469497X
103962212
103886672
103920625
103908544
134850041
103862919
103868674
11894049X
13484808X
116696885
134848128
11709286X
155401467
116661682
116648341
117432512
134378598
116787473
10236267X
1069940380
103827668
141845643
122513800
116020938
123307376
133364607
116440538
12354274X
116718013
1045213748
1089450931
1020773723
117738409
119203588
117092614
117482749
116979682
103932593
134880757
130580694
118550268
1162982772
123294673
116760265
1042336792
116222433
117741388
124400949
103911928
103881751
116516283
117127531
103952268
119226197
117293830
118769022
104241764
117737380
116473754
116014687
12487889X
103821031
134913930
116117680
118554085
116036842
134041194
119278308
116156945
118986724
128377607
118576291
118610740
118825933
116612606
134552091
117128511
116657707
11910184X
12373083X
100552641
138217572
122269357
132408023
122548604
121678563
12105974X
135184118
116221097
118718274
134331125
117311901
174076347
116347015
124133193
124423795
139269509
128989157
103899812
116032146
134818113
1028247451
174061064
118523473
123562317
138160287
118602985
119092514
118731343
10389635X
116233230
119144980
116214880
116397918
116044578
118687301
116543205
130814970
11610368X
121881164
118721372
119066254
119262371
117316067
103933042
124167527
11900853X
116369620
1047863332
134129210
133184927
12866634X
10436873X
13084120X
123665329
119444933
128720824
102498741
129315303
119534843
123455634
122224876
1135507279
121387135
13474280X
118837230
124343961
129655902
104365099
118939971
120583410
118620185
118624105
118768921
13063672X
103867422
129485691
132180650
132022540
124864260
11642317X
116124547
12212166X
102540047X
103805540
141014407
134363493
1034903608
104066970
104206837
132639092
100488153
129432881
133348474
123574889
116977949
118967592
118546856
116961562
129996459
118744739
128988576
116176849
118765205
103785728
118161172
116927755
116935243
117011789
1073890805
103947450
128495952
10393460X
103839267
118557629
116324678
116155124
1020842741
16010615X
116832053
1098352157
118688588
116221445
119338920
116353635
118512552
119401053
11705867X
118755838
122912098
138523282
13845695X
116506377
115759980
116385308
116353929
116961694
100657532
11907124X
118593625
123901898
116085878
1064549322
117102385
116160896
116319518
117584312
1023108399
103907653
116197013
120100932
120345757
123525721
116860413
118646524
116808446
118569600
11711118X
130581216
116873884
118699792
118551256
134471857
103930434
133018121
122344146
120166755
117457183
117357588
118666215
129261750
120888807
117219657
103910298
103859594
118974521
13192009X
121346498
134641965
140531467
122721837
131620479
116662743
101365489
103905480
102410372
118782843
103961941
118667998
117331856
138181373
134921070
131739859
117046817
130494305
1017373124
189540575
116843780
130426415
118750178
119417308
103885870
118581945
13632567X
117609730
118654268
11879034X
117326720
117078115
116916826
101057903
1023143933
116587474
121059723
134778073
103922601
1015477755
11649333X
11747195X
116259035
13819145X
116833564
137199813
134490762
102849064
120656914
133650707
116913991
117112984
116799099
119395657
132578492
117742945
116028114
118918842
118532529
116944994
116558652
118850091
116021799
116050888
116103205
116464259
12212250X
116070951
116874139
116763647
103846433
136334490
11657903X
119546507
1032433213
103864962
132903423
117273783
103903283
11640700X
117220469
117744093
129794694
116120495
116657839
136154530
116961902
134870034
117152862
103818294
116196637
138115354
10378182X
103941169
117735108
116270802
116997249
117108804
117195421
117743151
104023821
128931833
12689356X
142187151
128614250
121321541
134605195
119484226
116739487
174058721
1020438312
134944356
129068152
1013339584
132813629
116445769
15627115X
116025085
117366161
1026657717
116221917
1020645652
1020649208
116410051
142447307
1016944292
117102857
116072806
123808294
116303042
11687273X
1049714520
130579777
121297748
132800454
103915303
1034698915
104040270
116590645
123972639
130661570
116540079
123800315
11632659X
103847863
12107899X
103845054
135825423
1013873912
13081234X
132500604
116861002
103898719
134545249
134403495
133467589
1068277564
121502945
131770217
141159901
102551758
119323893
121900274
102375070
116865407
116060514
11619510X
130881082
174058713
117485802
117380970
116649429
134706021
102164711
132625814
116024097
13472903X
116179627
140066233
11618258X
116539070
117055204
135400023
11773926X
122690974
1011246465
11636825X
116073764
189474173
117040134
118512978
118655191
117410985
118668188
121852989
119490781
103899154
12760863X
136419534
116392258
119312247
1169253938
120474867
116007443
121137473
119286335
123411173
1023629771
103871691
119188562
116419210
117009520
116267100
130170399
120733684
116486368
104338601
116815256
104066717
116750154
11625257X
116768703
119559978
1067588973
116709561
117472026
116240989
132033364
103778195
11913814X
116698772
118776223
103897984
142881767
124410014
116501316
121080463
116606711
123393116
118639676
116077417
116722401
11716187X
123062179
119285517
116354178
116058250
116172169
137057741
116607092
116431814
117732400
118606824
116580666
116736151
124411568
138603308
138406464
117194875
116707801
104066954
13025553X
123747112
116766808
121302490
117010499
116631457
13823275X
123926823
117401145
143256556
117468142
119344769
116843217
117366021
117337145
118767534
104372397
116961236
11863495X
116585773
116785713
117357669
11877137X
1089337345
100534651
117438405
116222832
118511637
12371348X
115756221
103809309
1018723021
10380417X
134605381
129464694
133843750
136286313
118632825
13061744X
132805030
1034588850
129815926
118770950
117758817
129436186
11681859X
119384604
135233240
116383909
128415819
129431060
119417812
128988762
133255115
1181994640
128459778
118712233
1013735706
120697912
123536405
118580728
118731521
116580437
11667492X
1170602517
1075741343
116010231
117004774
117380733
134620844
103789928
119310465
13224960X
116953063
116180064
13202229X
124253911
139521631
116076321
118746146
11773134X
117168890
103885420
117317691
119271559
116909196
103928421
116738529
1171483473
174086385
135316197
117065218
117231606
116611537
116954787
118129147
117163872
13470410X
11761260X
11858622X
124137954
11670974X
116247452
1023065193
101365470
116779128
116829303
138698341
173049664
117174300
119220814
116375434
116687991
139999876
116260386
102144264X
116206896
103955798
120491761
132407744
117257761
129275301
103913831
124246907
118979671
119049252
11678041X
118880489
124812058
117095265
133360148
117238694
117742961
116012102
117116882
117271799
116450908
124344658
116234776
116196556
116665920
10242487X
1068280360
130614262
1027134912
131559990
1022936476
116709642
1035386445
117749443
119175487
1141920840
119005778
116297182
103849033
116478020
119515903
134755863
123526353
11606319X
116809655
116609885
117165980
116205563
12284890X
123911370
116368853
121112101
119065290
128988878
11745477X
117247154
142233110
102420475
103881417
135447224
103919023
12986529X
103880003
133355292
131629026
116860502
116210680
1089264666
100171737
103879307
11891958X
13414659X
104362383
103794646
116953861
133698416
134389255
135455502
123909260
103797653
10427719X
13485022X
129747181
103871497
133377466
118560999
1125140127
1017536309
132780860
116729546
134972120
1019571977
103856773
103888659
11699455X
139684026
103945520
103902058
1026019389
140231714
116228970
123762022
1112096221
123162807
118675923
102498849
1053626487
118679848
119183366
136440789
128896329
123994810
11645136X
134611403
132537761
134375947
135487153
118556878
118776614
116816414
11933397X
116927216
118771957
119322897
118536427
10138324X
118647792
118642545
118634879
116690194
118594257
13339395X
118629786
118563572
135144949
139066071
141985232
126760845
116391456
117130842
129390232
117272434
118513737
118763547
117749516
118804375
116809949
118561316
118538500
11601833X
117449962
117297933
117180637
11647548X
118610023
116182911
116502428
116719990
143938207
142342513
116868996
116603054
103946721
137695195
117424927
132814536
117206717
121930238
135620430
116127465
100470734
106495961X
132210630
1032821302
10058733X
116986522
116753994
103920714
117542830
1037932676
117609846
116014423
116023236
116070625
104169010X
116202882
116579943
103869948
118832433
117010480
117010421
117048593
118554492
116801379
116286474
117733717
116485809
116175001
118715054
116566418
117455369
119432641
117292958
116014326
11928586X
1035161869
118551124
102427771
122531329
116025360
132173921
116898666
131642049
116641142
120671727
117184683
119543516
116871997
122544080
1029634378
134477863
119351455
118536656
128577096
1029751285
1047604930
129312606
134412664
129996521
123631742
134185196
11671218X
139638806
129464430
123649579
1013594681
1146310498
10379705X
116514892
116543450
116642912
103781315
103830766
1027717004
129988863
137335598
13275746X
139667202
118095390
119053810
103963138
130364274
11864372X
116798599
134449436
11672594X
134645642
132800462
133170144
142181358
138200327
116943122
1011398729
129435716
117249343
137706537
139642803
14232633X
117056693
119322447
119313790
116911069
103826645
141587210
1180299817
140919732
119095165
129810177
118578413
12497032X
14136212X
116901241
11612041X
12902984X
130609978
117746746
13437830X
118616374
119345773
118665235
142817511
11879308X
117485802
1038453305
128943769
134725468
134674332
118615017
136430511
105218782X
1178700364
11620057X
1052839959
137695268
119458268
103846034
103776478
103889213
103936688
116265256
118706039
116253657
116982659
11875243X
117327433
132252848
104365080
116436409
137695144
118507451
116138335
102201935
122176103
141587466
10237483X
140735526
126738211
103907629
142065412
134620046
103910719
120279762
139402179
129435104
121673936
117471143
115851607
1047081938
122209931
103795510
134474937
135289300
1070919772
119297647
118784307
116136960
103845607
119107880
13432224X
128795123
13442932X
13966744X
132814900
124576648
135042089
117395188
134624424
1035221535
120151979
134674065
135858860
131852825
137694938
118655132
1076983987
129940763
103812016
102424810
128755865
1069561339
118823078
139248269
102375011
116077875
1034108034
117105120
104311665
124621546
102375119
103940227
1041269730
134401484
119497476
123520681
134832744
123721644
116114185
116229055
105773702X
101383363
117223298
117735825
10386301X
122395883
1013586115
103891951
124245013
132284677
103870393
132493845
103893822
130103608
137668406
117118206
11635769X
118723006
128580399
116446226
175899835
130928852
103911758
129232661
133415295
126911096
134850262
141332069
135212472
133008754
116063491
142848581
122445643
117737127
118766325
118550470
117358126
142848506
130250252
117241024
134618890
119113953
117113972
117228494
116132604
11852397X
103884653
134057597
103875794
103964177
13964802x
10393703X
116055111
13438234X
11920357X
1019139536
103691335X
10394317X
103932798
137685467
142521620
134694880
140133003
103868852
117078255
119334127
118724037
140932844
101381980
103811338
118726943
117498920
128545011
116915315
103946470
13334987X
118571427
119088088
117262781
134791789
11875548X
103870911
103946799
1012374610
104022833
101310811
142258954
140442553
137685424
12416742X
131860208
1037224248
103912452
103871527
116542063
18143931X
100538398
118836307
103074635
117407070
103950176
128418702
132645548
116367032
118884093
1174766107
118589598
130659428
1146000057
122395999
131731882
103888020
123055784
119314622
10393278X
11890745X
118948652
123187982
118571036
119432676
137694903
142192821
100487483
120435500
119552418
103902457
129232777
132400502
100826555
10396049X
132248999
1018100512
136625126
104034394
1011483505
1038239737
133359247
103944958
117751294
133801810
103934413
10430958X
118664883
1018229892
100450717
103782605
116280611
103867813
133365573
134694864
134590341
127862811
101363532
103947310
116439963
103953361
140101675
133630560
116179449
116784253
117499277
103897127
138170304
143335847
152457364
116082429
103950133
103944419
102498660
118630830
135352436
102202028
120215403
12262162X
132499630
118975579
120951436
129481912
133140601
118699075
118921088
1011664364
118661590
104350539
124659942
128678259
116121572
116674482
1028672284
119306476
116598883
116634464
102430055
139830332
116959827
10435061X
101054246
134676882
123928214
11731076X
123741874
136869890
116083182
118734652
1019392142
141307757
116228229
116855487
143739980
118618652
118857142
116877286
103857346
116252480
133364968
103846026
186608721
121702286
138238650
118816543
1024267520
132572710
134569296
103902600
118642472
1025564502
118939963
116584645
11677939X
130294608
11601198X
123881439
140533435
133031926
104101024
104066881
100470912
10384287X
119238470
134579321
133949486
134737970
119277395
119106906
102419795
119144271
141088508
128593768
119257025
118966065
1021101931
118781847
134545966
134783549
135280885
100679684
119280574
119016532
139710965
118801252
119063891
102411131
118802496
115738940
131763482
134375351
102427976
128861533
119210568
136334873
134311329
122315073
100481574
129289833
136336442
12365758X
1050303113
13458872X
123166802
100000541
158206274
115823859
130544841
11867238X
130372188
134353277
134472993
119043688
137303092
100981925
128857269
100570577
102411018
134845633
115739262
124065309
10054262X
123643155
120051931
122704096
139624554
135280281
134571975
122848926
138511411
136429777
140405968
134606833
103785280
130523054
103898506
104343559
137151144
131992759
116980885
141165367
14021643X
1013433564
116469196
100983405
120252805
118791818
100975674
134346211
1089154569
103837183
12122144X
121602605
1013629485
119112329
118009354
12270391X
1052884237
120436752
118791257
118883348
134279735
121930335
133995801
134611128
128730811
11876831X
103890432
116679425
119378671
104022752
130571172
1034563556
119239868
118641832
118596721
122216954
116811757
1089813619
117402877
116805455
1015761259
117458759
118529692
100419224
1038459311
1128402599
119143550
124134270
142892165
103870431
137985770
101981260
119379651
128944099
116762705
118913190
134465067
13885646X
119009706
13483240X
116856165
116237244
117110450
1125893885
13461660X
132481936
133555143
118875655
118924109
119326736
118515527
118669168
10390400X
118582453
116941391
118614916
117243809
137274688
117192082
118816942
123995914
124222978
1124612793
118877496
12998308X
1065689403
129953091
104064099
128861843
129320714
100465889
122685032
102498725
120528169
102834903
118650890
128477091
122965299
13676374X
129372870
122364821
124616836
1053083920
132570602
135454239
104345519
137309333
1037583337
1034581872
116042737
118506374
123654424
120436639
133806413
103867848
134736419
1045190268
13432546X
1136575693
123259908
135440335
129374520
134844424
102499624
116200367
12883918X
141537000
131522671
103786546
1011997630
143477293
15893721X
1089619960
124134211
103824839
136261558
1028787286
137621418
1140608827
134976436
122466047
116751754
1068564946
118868829
103874593
134341430
129462047
123164206
140244034
102410941
102851379
123951771
1102960071
135366313
132634732
102252378
103842802
134345002
137134924
100517846
123578728
128688068
135094739
104311525
102419744
116510013
142339474
129867144
129049824
116517689
1089840233
100421326
11888168X
134350685
103796487
119458810
140551905
134672097
137187904
1013289013
100597882
1067680624
124118755
1027953719
1129191648
13373269X
103637565X
122210999
130931241
13273298X
102424772
100864651
130817031
123028507
124656188
118834959
134726359
132368625
103882588
134359577
1151448583
134932277
1185102531
1089182988
1071574590
134972147
135086671
116254351
1053281617
116418575
101062656
108792846
12380311X
104271248
129859079
132046318
120170124
173083277
13517533X
124396771
1096174103
1089757948
143920529
133223914
132724359
123901936
141982896
1068407603
1063320119
11869250X
134767993
160145821
13213571X
116879319
122703898
104311606
103892613
1029449112
103789375
1042516200
134809424
11869538X
138181128
130591211
104307544
119466864
122840100
120138921
139940294
102552703
11774946X
1021363782
134392000
118097512
1026995787
10389764X
103897658
134919726
1089841248
103796738
128389419
1089753101
134182219
130607371
103900187
103787003
128895195
1121147623
116812575
1146501277
133390381
133671852
118890743
1089853912
117050628
102498806
134146921
118712357
12949416X
128678097
131900641
135253756
13677900X
123778247
142591211
134428048
102201838
1133201091
1036439429
100657249
138218307
1018185194
103795553
1068178019
116855738
122074262
134919734
1034941747
103917640
1044329335
10377498X
103774971
140492992
1018184937
117260193
102014968X
103920757
124041175
1055535691
141665289
1156959322
132148587
103921621
116760079
1029757577
121097331
1089842953
116804297
123165687
129049859
116838124
118578995
121501396
131827227
123454832
130628263
121540235
138559848
103924396
137992378
134719913
137452241
102835004
1056062754
117134554
121721728
124449867
131458922
134466896
119180588
137490534
134784979
117604836
118785230
130631523
129387304
1052889417
103928189
1155268024
131542893
132734923
120407930
131770004
139615482
103931007
100238378
133928713
117155292
1058081721
140790845
12284906X
121720721
134479599
134597044
1063140439
102427879
103932305
132446650
1089841558
12390921X
132722313
1120054656
1117225917
116163402
102834652
124989616
103933948
103933972
123721857
1024288048
1116645335
103934820
133359123
10435058X
1014857554
135199980
1089820054
135358604
13416766X
13237966X
131884808
103803785
134913655
104046821
122703995
120407760
134617002
12845279X
1103473573
135269830
118097504
103821678
134210786
103814760
116547030
129485268
131944886
132265303
120896087
103845445
103822038
103819126
100552676
1147992487
1056153172
115532323
183648897
135282454
103942610
174031165
13450819X
1042931720
119110032
131403958
129485772
135112370
116824948
12884888X
13329868X
135032067
12307651X
121096572
102968880X
135355494
12241487X
117634174
117460540
135122872
121196924X
104311630
121660117
12371608X
117347825
117363367
117374091
13528029X
122116968
174076770
135178754
124344690
140433538
130613592
134571258
134077601
121011372
102498709
103956050
141382708
100568815
135238919
121246647
12889640X
103819134
141439092
132268124
117302856
117394394
123728754
117355240
124240712
103964231
134774639
136481353
14068865X
123505291
137281137
117452521
1155968255
117247588
130840858
117158755
1028430086
1103600567
116264799
101134761X
12408673X
103863370
1089788967
139698450
116107731
100043917
139208542
1045654442
1080797580
1194589162
129463930
116235594
141628758
124015875
134756908
115532021
1137266848
136154697
140305491
103900381
130638242
120592134
1019114096
1052839568
135548632
137499272
117022381
108918297X
140980032
123951631
132013835
1181018757
102411166
140978011
1051499453
115739335
117290432
1025685776
103834710
103832114
122685024
10384709X
1028191286
116544570
116512466
1029898316
117245666
11929138X
116032537
183375327
1051179270
119021633
116894644
128262052
1054198454
11679139X
1070405663
133774694
11774297X
1038288339
117400319
117236489
116640774
1041262671
118692283
136740502
116649666
117146749
117372943
118689223
104325453
122993470
104333669
120299526
118757873
119313960
126961409
116699299
118578189
116232951
117294527
117401234
118510177
128411309
122170806
133377601
143278622
121585204
118934988
117746533
152592679
119338971
119456001
126963665
12494714X
137144342
102852324
1136794425
138029237
137651775
119140802
117437190
118573632
104151978
132631458
116873167
119484234
133912027
119386984
116220449
127541977
119262509
103882960
132175592
1031231722
116291842
117608211
118510592
118816845
119069261
134443977
1148582681
1076509061
131977210
1013340949
118768476
173905684
123970857
123963532
102834962
13504295X
100491898
103867392
120021285
137668422
134462262
140594981
116414375
116218649
118749137
116795212
118774204
104213949
117184020
134357329
119110016
11908029X
117226157
1017135207
160147220
1161437983
116491671
141540052
102374813
11773893X
117031488
1070380202
118566636
116360046
13459732X
119141426
116963670
117108480
11620320X
129866571
116529490
1119481996
117280224
11703343X
118529552
103946004
1017910324
1012560481
11860595X
116277629
117422444
1179964438
116741686
118973320
1016504845
103919031
116730811
1067785345
103904530
118715143
1166155684
116329475
116368926
129215082
11905647X
119404230
11740991X
1019841591
1187842877
118890549
117475130
1155100379
128918101
132045079
1175566438
1089182910
116408766
130812455
121114228
122912144
118598651
118578723
117246603
124725759
11701012X
132086794
1062970934
134640926
140522727
11748735X
11614517X
118729179
136689884
119495732
119406772
124203752
11891796X
103839186
126755019
135300045
134428935
119552892
10382670X
1017674752
117458449
1122294603
136255264
103860347
103937587
13972446X
104300221
116888105
1104156989
11855476X
100163173
117296880
131454293
117743577
132168413
139724621
117743208
116924659
1055674845
119125056
103919600
137706405
130237086
13558857X
116610670
11608166X
116981547
118603612
11658971X
117039993
103858512
118919555
116847735
117480347
117030783
129393436
131592300
116987057
132176408
130638382
128964774
116270888
119552612
1030226822
10430409X
117370533
104350547
117360627
116367180
134844297
11623296X
116294965
138806136
117021938
116717599
1043793267
135156246
1079632905
1024897613
118779559
102428107
13501378X
1168607604
140239316
133459292
116649968
103892532
1060236257
134966686
1027226957
1161750282
124156266
116012374
174073747
134836448
134885015
1151419567
142954446
1056095172
142071455
1088341381
135347203
118809962
131651501
107783540X
123328756
116539046
117512273
120891204
134482018
1027276180
103930582
141584394
133704262
117769142
117363855
1033633127
119142457
118870912
128178434
128741740
1202460194
116789395
128813261
1038283264
116117826
118814249
103843299
119432668
142105317
103866981
129024309
135079136
116297506
103844015
10247575X
1146844530
1159243360
11928930X
117742066
115603948
1146973624
1034346016
134325109
116032383
142251488
116669314
1177853752
115432172X
117069671
118620401
116436131
11675978X
133337243
1116818604
142330302
139237933
142385654
13146258X
103930906
131902229
1077746776
118695312
134634675
134738772
101288418X
133710815
130867241
11659294X
119327856
12954650X
119455676
134915623
129026980
103947264
116787589
1068174897
1079774831
116284846
133436845
1038318343
116432047
117079766
119186144
117058351
117171123
1151544671
105994085X
118764217
1019650060
103908854
132416174
11918625X
133853276
116636068
1052833004
121149072
11889028X
1081667400
118622404
116951931
120200953
117732109
1089763727
116222786
116644788
117269999
180997238
119393158
141843322
1089848439
1075814421
1068544651
103796002
103820779
1024511421
1013484592
120908212
1025731476
134826140
117425672
1019624957
1132094399
1028591128
131408992
137694776
109472355X
117247685
11875503X
116079150
1066505799
121347907
103935479
129290602
135296641
135449383
124005241
1143534417
